     0/599     9.93G   0.01699  0.002478  0.008169   0.02764        20       640    0.9155    0.7737    0.9037    0.7484   0.03652  0.004881   0.02094
     1/599     11.2G   0.01931  0.002338  0.008181   0.02983        24       640    0.8403    0.8142    0.8883    0.7415   0.03622  0.004735   0.02019
     2/599     11.2G   0.01982   0.00226  0.007878   0.02996        33       640    0.8749    0.8362    0.9088    0.7674   0.03689  0.004605     0.019
     3/599     11.2G   0.01605  0.002159  0.005929   0.02414        32       640    0.8182    0.8178    0.8766     0.718   0.03688  0.004666   0.01897
     4/599     11.2G    0.0197  0.002135  0.006956   0.02879        30       640    0.8151    0.8546    0.8996    0.7595   0.03686  0.004632   0.01792
     5/599     11.2G   0.01856  0.002276  0.006374   0.02721        29       640     0.842    0.9059    0.9308    0.7743   0.03729  0.004567   0.01695
     6/599     11.2G   0.01933  0.002351  0.007197   0.02888        36       640    0.8463    0.8873     0.914    0.7748   0.03762  0.004707   0.01753
     7/599     11.2G   0.01902  0.002285  0.007318   0.02862        38       640    0.8099    0.8506    0.8859    0.7318   0.03752  0.004451    0.0163
     8/599     11.2G   0.01816  0.002392  0.008014   0.02857        26       640    0.7854     0.855    0.9056    0.7615   0.03792  0.004341   0.01601
     9/599     11.2G   0.02141  0.002392  0.007835   0.03163        30       640     0.836    0.8857    0.9254     0.754    0.0408  0.004401   0.01959
    10/599     11.2G   0.02082  0.002365  0.008266   0.03145        21       640    0.8416    0.8125    0.8984     0.725   0.04526  0.004326   0.01796
    11/599     11.2G   0.02271  0.002369  0.009074   0.03415        37       640    0.8585    0.8676    0.9312    0.7549   0.04469  0.004475   0.02006
    12/599     11.2G   0.02287  0.002524   0.00898   0.03437        24       640    0.8655    0.7452    0.8892    0.7118   0.04501  0.004172   0.01849
    13/599     11.2G   0.02445  0.002526  0.008534   0.03551        34       640    0.8345    0.8029    0.8555    0.6889   0.04646  0.004264    0.0196
    14/599     11.2G   0.02575  0.002696   0.00919   0.03763        32       640    0.7441    0.8228    0.8342    0.6753    0.0452  0.004507   0.01813
    15/599     11.2G   0.02757  0.002628  0.009895   0.04009        43       640     0.812    0.8321    0.8942    0.7218   0.04642  0.004215   0.02068
    16/599     11.2G   0.02413  0.002627   0.01006   0.03681        33       640    0.8299    0.8582    0.9051    0.7307   0.04317  0.003986   0.01807
    17/599     11.2G   0.02402  0.002585  0.008312   0.03492        20       640    0.8426    0.8479    0.8915    0.7211   0.04511  0.004236   0.02023
    18/599     11.2G   0.02415  0.002523  0.008722    0.0354        34       640    0.7852    0.8049     0.871    0.6937   0.04612  0.003844   0.01945
    19/599     11.2G   0.02441  0.002372  0.008284   0.03506        25       640    0.7194    0.8735    0.8461    0.6586   0.04626   0.00446   0.01879
    20/599     11.2G   0.02739  0.002693    0.0105   0.04058        33       640    0.6833    0.8214    0.8166     0.639   0.04403  0.004288   0.02266
    21/599     11.2G   0.02198  0.002701  0.008868   0.03355        36       640    0.8418    0.7957    0.8895    0.7149   0.04311  0.003994   0.01833
    22/599     11.2G   0.02399  0.002625  0.009796   0.03641        34       640    0.7531    0.8762    0.8646    0.7051   0.04036  0.004373   0.01752
    23/599     11.2G   0.02259  0.002585  0.008988   0.03416        32       640    0.8008    0.8472    0.8822    0.7084   0.04376  0.004299   0.01635
    24/599     11.2G   0.02574  0.002646   0.01029   0.03868        32       640    0.7831    0.8423    0.8749    0.6925   0.04226  0.004234   0.01802
    25/599     11.2G   0.02351  0.002596  0.008081   0.03419        34       640     0.836     0.872    0.9154    0.7392   0.04224  0.004075   0.01926
    26/599     11.2G   0.02453  0.002556  0.009369   0.03646        39       640    0.8604    0.8307    0.9032    0.7212   0.04188  0.004192   0.01786
    27/599     11.2G   0.02184  0.002385  0.008584   0.03281        32       640     0.797    0.8579    0.9026    0.7256   0.04226  0.004362   0.01648
    28/599     11.2G   0.02371  0.002468  0.008476   0.03465        40       640    0.7876    0.8698    0.8965    0.7317   0.04239   0.00393   0.01565
    29/599     11.2G   0.02302  0.002533  0.009365   0.03492        27       640    0.7869    0.9063    0.9086    0.7051   0.04443  0.004264   0.01735
    30/599     11.2G   0.02217  0.002473   0.00866   0.03331        38       640    0.9192    0.8215    0.9074    0.7344   0.04241  0.004085   0.01767
    31/599     11.2G   0.02792  0.002611  0.009924   0.04045        40       640    0.8755    0.8623    0.9145    0.7112    0.0432  0.004373   0.01747
    32/599     11.2G   0.02225  0.002463  0.008319   0.03304        29       640    0.8237     0.856    0.8911    0.7032   0.04324  0.004352    0.0185
    33/599     11.2G   0.02746  0.002775   0.01105   0.04128        45       640    0.7788    0.8495     0.864     0.704   0.04369  0.004315   0.01769
    34/599     11.2G   0.02412  0.002445  0.009266   0.03583        31       640    0.7479     0.884     0.905    0.7128   0.04476  0.004139   0.01916
    35/599     11.2G   0.02379  0.002546   0.01007   0.03641        27       640    0.7839    0.8718    0.8614    0.6909   0.04406  0.004493   0.01732
    36/599     11.2G   0.02779  0.002573  0.009574   0.03993        35       640    0.8541    0.8222    0.8971    0.7169   0.04395  0.004113   0.01776
    37/599     11.2G   0.02559  0.002591  0.009852   0.03803        38       640    0.8561    0.8401    0.9108    0.7271    0.0453   0.00409   0.01938
    38/599     11.2G    0.0234  0.002597  0.008843   0.03484        33       640    0.8292    0.7889    0.8787    0.6915   0.04454  0.004154   0.01902
    39/599     11.2G   0.02628  0.002496   0.00946   0.03824        38       640    0.8321    0.8146    0.8908    0.7058   0.04599  0.004452   0.02183
    40/599     11.2G   0.02396  0.002564   0.00957   0.03609        52       640    0.8391    0.8609    0.9215    0.7506   0.04709  0.004036   0.01977
    41/599     11.2G   0.02311  0.002556   0.00942   0.03509        29       640    0.8281     0.851    0.9145    0.7458   0.04337  0.003918   0.01803
    42/599     11.2G   0.02237  0.002575  0.008893   0.03383        32       640    0.8286    0.7929    0.8669    0.7009   0.04326  0.004173   0.01991
    43/599     11.2G   0.02484  0.002613  0.009076   0.03653        39       640    0.8543    0.8165    0.9082    0.7269   0.04182  0.004546   0.02026
    44/599     11.2G   0.02316  0.002514  0.008853   0.03452        31       640    0.8312    0.8305    0.9004    0.7448   0.04361  0.004367   0.01938
    45/599     11.2G   0.02165  0.002506  0.009108   0.03327        43       640    0.8411    0.8751    0.9044    0.7445   0.04398   0.00397    0.0181
    46/599     11.2G   0.02569  0.002388  0.009351   0.03742        37       640     0.717    0.8859    0.9026    0.7305   0.04448  0.004118   0.01978
    47/599     11.2G   0.02524  0.002495  0.008068   0.03581        40       640    0.8588    0.8761    0.9404    0.7693   0.04328  0.004391   0.01939
    48/599     11.2G   0.02624  0.002472  0.009268   0.03798        38       640    0.8363    0.8494    0.9096    0.7346   0.04234  0.004115   0.01884
    49/599     11.2G   0.02395  0.002589  0.008077   0.03462        24       640    0.8631    0.8367    0.9133    0.7537   0.04284  0.004166   0.02085
    50/599     11.2G   0.02302  0.002463  0.008179   0.03366        25       640    0.9056    0.8145    0.9265    0.7477   0.04305  0.003945   0.02004
    51/599     11.2G   0.02601  0.002491  0.008489   0.03699        36       640     0.829    0.8575    0.9353    0.7568   0.04256  0.004331   0.01737
    52/599     11.2G   0.01994   0.00244  0.007415   0.02979        48       640    0.8829     0.826    0.9032    0.7312   0.04252    0.0043    0.0161
    53/599     11.2G   0.02152  0.002412  0.006976   0.03091        33       640    0.8514    0.8205    0.9018    0.7297   0.04109  0.004229   0.01522
    54/599     11.2G   0.02379  0.002312  0.007595    0.0337        32       640    0.8992    0.8488    0.9274    0.7516   0.04231  0.004128   0.01617
    55/599     11.2G   0.02393  0.002384  0.008017   0.03433        36       640    0.8635    0.8824    0.9273    0.7629   0.04608  0.004305   0.01961
    56/599     11.2G   0.02456  0.002394  0.007333   0.03429        30       640      0.89    0.8544    0.9207    0.7511   0.04768  0.004022   0.01977
    57/599     11.2G   0.02503  0.002362  0.008242   0.03563        36       640    0.9206    0.8197    0.9297    0.7494   0.04622  0.004141     0.019
    58/599     11.2G    0.0223  0.002488  0.008528   0.03331        55       640    0.7687    0.8403    0.8987    0.7321   0.04401  0.004289   0.01838
    59/599     11.2G   0.02417   0.00237  0.008356    0.0349        33       640    0.7691    0.9365     0.894    0.7218   0.04781  0.004321   0.01901
    60/599     11.2G   0.02332  0.002571   0.01002   0.03591        51       640    0.7505    0.7989    0.8026    0.6273   0.04429  0.004482    0.0215
    61/599     11.2G   0.02552  0.002656   0.01066   0.03883        33       640     0.731    0.7996    0.8583     0.684   0.04224  0.004166   0.01889
    62/599     11.2G   0.02465  0.002543  0.009693   0.03688        25       640     0.781    0.8405    0.8887    0.7107   0.04463  0.004086   0.01859
    63/599     11.2G   0.02503  0.002518  0.009774   0.03732        38       640    0.8509    0.8718    0.9283     0.747   0.04529  0.003963    0.0162
    64/599     11.2G   0.02409  0.002591  0.008526   0.03521        38       640    0.8046    0.8773    0.9223    0.7479   0.04292  0.004482   0.01781
    65/599     11.2G   0.02563  0.002721  0.009839   0.03819        36       640    0.4624    0.7037    0.5646    0.4383    0.0542  0.005258   0.02584
    66/599     11.2G   0.02985  0.002852   0.01153   0.04423        46       640    0.8134    0.6995    0.7494    0.6072   0.04531  0.004377   0.02586
    67/599     11.2G   0.02623  0.002669   0.01055   0.03946        34       640    0.8304    0.7501    0.8285    0.6703   0.04636  0.004003   0.01948
    68/599     11.2G   0.02484  0.002717  0.009807   0.03737        39       640    0.7589    0.8157    0.8567    0.6922   0.04519  0.004116   0.01878
    69/599     11.2G   0.02741  0.002798  0.009686   0.03989        32       640    0.7176    0.7215    0.8032    0.6479   0.04429  0.004129   0.01994
    70/599     11.2G   0.02414  0.002685  0.009325   0.03615        32       640    0.7609    0.7977     0.849    0.6819   0.04381  0.004444   0.01943
    71/599     11.2G   0.02509  0.002659   0.01081   0.03856        34       640    0.8241    0.7702    0.8705    0.7008   0.04178  0.004103   0.01823
    72/599     11.2G   0.02669  0.002482   0.00905   0.03822        42       640    0.7731    0.8518    0.8889    0.7371   0.04289   0.00437   0.01709
    73/599     11.2G   0.02473   0.00262  0.008968   0.03631        21       640    0.8586    0.8132    0.8882     0.717   0.04395  0.004068   0.01995
    74/599     11.2G   0.02443  0.002452  0.008107   0.03499        30       640    0.8147    0.8022    0.8898    0.7046   0.04246  0.004229   0.01779
    75/599     11.2G   0.02475    0.0026  0.008773   0.03612        43       640    0.8406    0.8399    0.8936    0.7414   0.04286  0.004084   0.01945
    76/599     11.2G   0.02142  0.002552  0.008342   0.03232        27       640    0.8862    0.8144    0.9133    0.7528    0.0417  0.004247    0.0174
    77/599     11.2G   0.02184   0.00238   0.00726   0.03148        23       640    0.8029    0.9384    0.9339     0.754   0.04106  0.004008    0.0173
    78/599     11.2G   0.02459  0.002457  0.007796   0.03484        45       640    0.8374    0.8768    0.9057    0.7344   0.04174  0.003991   0.01616
    79/599     11.2G   0.02065  0.002433  0.006567   0.02965        33       640    0.8354    0.8447    0.8922    0.7037   0.04349  0.004497   0.01867
    80/599     11.2G    0.0247  0.002481   0.00827   0.03545        30       640    0.7552    0.8839    0.9025    0.7365   0.04243  0.003987   0.01796
    81/599     11.2G   0.02527  0.002343  0.008073   0.03568        28       640    0.8316    0.8739    0.9064    0.7427   0.04289  0.004008   0.01732
    82/599     11.2G   0.02152  0.002453  0.008499   0.03247        30       640    0.8394    0.8865    0.9077    0.7494   0.04124  0.004142   0.01689
    83/599     11.2G   0.02273  0.002415  0.008392   0.03354        36       640    0.7833    0.8868    0.8947     0.723   0.04092  0.004066   0.01638
    84/599     11.2G   0.02216  0.002487  0.007885   0.03253        25       640    0.7748    0.9008    0.8932    0.7224   0.04032  0.004143    0.0144
    85/599     11.2G   0.02386  0.002392  0.007971   0.03423        25       640    0.8099    0.8962    0.9174     0.753   0.04094  0.004216   0.01591
    86/599     11.2G   0.02601  0.002475   0.00962    0.0381        37       640     0.883    0.8149    0.9001    0.7278   0.04344  0.004118   0.01885
    87/599     11.2G   0.02308  0.002394  0.008499   0.03397        36       640    0.8393    0.8308    0.8912    0.7136   0.04267  0.004359   0.01951
    88/599     11.2G   0.02552  0.002547  0.007535    0.0356        37       640    0.8981    0.8386    0.9215    0.7477   0.04326  0.004057   0.01911
    89/599     11.2G   0.02283  0.002422  0.007879   0.03313        33       640    0.8264    0.8674     0.922    0.7532   0.04179   0.00402   0.01562
    90/599     11.2G   0.02318  0.002369   0.00782   0.03336        40       640    0.7981    0.8282     0.885    0.7348   0.04189  0.004184   0.01604
    91/599     11.2G   0.02188  0.002383  0.007477   0.03174        30       640    0.8603    0.8923    0.9181    0.7481   0.04127  0.004144   0.01473
    92/599     11.2G    0.0233  0.002583  0.009314   0.03519        32       640    0.6282    0.6463    0.6799    0.5342   0.04857  0.004681   0.02115
    93/599     11.2G    0.0258  0.002824   0.01196   0.04058        30       640    0.6804    0.8143    0.8011    0.6339   0.04149  0.004077   0.02005
    94/599     11.2G   0.02425  0.002714   0.01102   0.03798        29       640    0.8675      0.77    0.8784    0.7097   0.04204  0.003888   0.01725
    95/599     11.2G   0.02563  0.002582  0.009853   0.03806        26       640    0.6804    0.8812    0.8705    0.7018   0.04086   0.00409   0.01638
    96/599     11.2G   0.02561  0.002495  0.008409   0.03651        34       640     0.915    0.8238    0.9277    0.7539   0.04118  0.004174   0.01614
    97/599     11.2G   0.02676  0.002641   0.00906   0.03846        32       640    0.8645    0.8646    0.9135    0.7502   0.04206  0.004161   0.01689
    98/599     11.2G   0.02246  0.002614  0.008596   0.03367        38       640    0.8982    0.8188     0.899    0.7417   0.04317  0.004062   0.01814
    99/599     11.2G   0.02096  0.002451  0.007783   0.03119        42       640    0.7879    0.8945    0.8871    0.6985   0.04202  0.004219   0.01791
   100/599     11.2G   0.02172  0.002365   0.00774   0.03182        34       640    0.9189    0.8284    0.9108    0.7516   0.04171   0.00405   0.01598
   101/599     11.2G   0.02147  0.002385  0.008084   0.03194        30       640    0.8435    0.8773    0.9134    0.7431   0.04124  0.004224   0.01507
   102/599     11.2G   0.02439  0.002424  0.009182   0.03599        22       640    0.8502    0.8726    0.9102     0.747    0.0402  0.004102   0.01574
   103/599     11.2G   0.02503  0.002447  0.008941   0.03642        30       640    0.8692     0.846     0.907    0.7426   0.04262  0.004289   0.01615
   104/599     11.2G   0.02186  0.002467  0.009665   0.03399        53       640     0.846    0.8518    0.9175    0.7475   0.04224  0.004184   0.01638
   105/599     11.2G   0.02326  0.002512  0.007584   0.03335        35       640    0.8511     0.837    0.9038    0.7363   0.04138  0.004187   0.01667
   106/599     11.2G   0.02336  0.002313  0.006938   0.03262        42       640    0.8632    0.8687    0.9048    0.7387   0.04054  0.004138   0.01719
   107/599     11.2G   0.02364  0.002451  0.008224   0.03432        23       640    0.8862    0.8766     0.915    0.7363   0.04055  0.004258   0.01823
   108/599     11.2G   0.02152  0.002334  0.007919   0.03177        28       640    0.8986    0.8575    0.9086    0.7441   0.04311  0.004104   0.01631
   109/599     11.2G   0.02187   0.00251  0.007932   0.03231        25       640    0.8491    0.9009    0.9238    0.7325   0.04226  0.004189   0.01657
   110/599     11.2G   0.02339  0.002419  0.007518   0.03333        47       640    0.8482    0.8478    0.9129    0.7439   0.04197  0.004139   0.01699
   111/599     11.2G   0.02295  0.002403  0.006987   0.03234        19       640    0.8358    0.8656    0.9042    0.7439   0.04319  0.003993   0.01616
   112/599     11.2G   0.02256  0.002548  0.007367   0.03248        46       640    0.8789    0.8597    0.9228    0.7703   0.04411  0.003726   0.01968
   113/599     11.2G   0.02214  0.002425  0.007662   0.03223        23       640    0.8236    0.9307    0.9267    0.7701    0.0445  0.003998   0.01981
   114/599     11.2G   0.02292  0.002327  0.006982   0.03223        46       640    0.8774    0.8851    0.9345    0.7728   0.04416  0.004496   0.01959
   115/599     11.2G   0.02292  0.002415  0.008021   0.03336        31       640    0.8432    0.8854    0.9216    0.7589   0.04362  0.004067   0.01796
   116/599     11.2G   0.02374  0.002394  0.007397   0.03353        33       640    0.7736    0.9337     0.927    0.7527    0.0409  0.004312   0.01672
   117/599     11.2G   0.02048  0.002284  0.007003   0.02976        22       640    0.8247    0.9199    0.9294    0.7606   0.03914  0.004438   0.01583
   118/599     11.2G   0.02215  0.002324  0.007497   0.03197        27       640     0.803    0.8859    0.8978    0.7362   0.04192  0.004154   0.01473
   119/599     11.2G   0.02365  0.002509  0.007696   0.03386        26       640    0.8611     0.905    0.9239    0.7635   0.03932  0.004222   0.01435
   120/599     11.2G   0.02173  0.002358  0.006816   0.03091        33       640    0.8143    0.9469    0.9251    0.7585   0.03916   0.00421   0.01557
   121/599     11.2G   0.02456   0.00219  0.007429   0.03417        25       640    0.8885    0.8589    0.9017    0.7606   0.04248  0.004253   0.01741
   122/599     11.2G   0.02226  0.002272  0.007321   0.03186        32       640    0.8499    0.8601    0.9043    0.7319    0.0439  0.004306   0.01653
   123/599     11.2G   0.02222  0.002249  0.007145   0.03162        58       640    0.8493    0.8501    0.9158    0.7562   0.04375  0.004279   0.01945
   124/599     11.2G   0.02372  0.002419  0.007974   0.03411        30       640    0.8272    0.8827    0.9062    0.7428   0.04357  0.004321   0.01792
   125/599     11.2G   0.02267  0.002356  0.007257   0.03228        27       640    0.8641    0.9022    0.9123    0.7337   0.04259  0.004123   0.01564
   126/599     11.2G   0.02309  0.002479   0.00808   0.03364        26       640    0.7959    0.8507     0.895    0.7269   0.04274  0.004418     0.016
   127/599     11.2G   0.02232  0.002409  0.007286   0.03202        36       640    0.8922    0.8542     0.928    0.7469   0.04279   0.00438   0.01503
   128/599     11.2G   0.02359  0.002307  0.007233   0.03313        27       640    0.8991    0.8757    0.9117    0.7416   0.04186  0.004301   0.01663
   129/599     11.2G   0.02225   0.00235   0.00654   0.03114        36       640    0.9116    0.8736    0.9317    0.7727   0.04199  0.004029    0.0179
   130/599     11.2G   0.02194  0.002413   0.00768   0.03204        27       640    0.9072    0.8963    0.9276     0.762   0.04218    0.0043   0.01927
   131/599     11.2G   0.02172  0.002368  0.007246   0.03133        33       640    0.8666    0.9063    0.9211    0.7573   0.04182   0.00412   0.01876
   132/599     11.2G   0.02423  0.002436  0.008329     0.035        32       640    0.9373    0.8941    0.9438    0.7789   0.04208  0.004389   0.01704
   133/599     11.2G   0.02365  0.002397  0.007188   0.03323        35       640    0.8556     0.902    0.9334    0.7722   0.04099  0.003995   0.01596
   134/599     11.2G    0.0244   0.00239  0.008109    0.0349        22       640    0.8517    0.8953    0.9214    0.7686   0.04229  0.004081   0.01753
   135/599     11.2G   0.02365  0.002286  0.007621   0.03356        36       640    0.8375    0.8635    0.9173     0.741   0.04234  0.004119   0.01593
   136/599     11.2G   0.02119  0.002382  0.007116   0.03069        32       640    0.8501    0.8566    0.9049    0.7413   0.04367  0.004439   0.01662
   137/599     11.2G   0.02157  0.002349  0.007866   0.03178        20       640    0.8795    0.8257     0.902    0.7307   0.04433  0.004132   0.01688
   138/599     11.2G   0.02173  0.002357  0.007164   0.03125        30       640    0.9306    0.8494    0.9258    0.7615   0.04293  0.004308   0.01674
   139/599     11.2G    0.0223  0.002265  0.005853   0.03041        22       640    0.8781     0.863    0.8955    0.7178   0.04292  0.004144   0.01695
   140/599     11.2G   0.02347  0.002338  0.006656   0.03246        26       640    0.8722    0.8833    0.9291    0.7625   0.04197  0.004127   0.01781
   141/599     11.2G   0.02424   0.00234  0.007394   0.03397        44       640    0.8038    0.8193    0.8618    0.7004   0.04521  0.004245   0.02051
   142/599     11.2G   0.02315  0.002331  0.008482   0.03396        22       640    0.8261    0.8496    0.9022    0.7515   0.04138  0.004027   0.01902
   143/599     11.2G   0.02584  0.002286  0.008385   0.03651        23       640      0.89    0.8642    0.9325    0.7814   0.04167  0.003957   0.01584
   144/599     11.2G   0.02227  0.002257  0.007626   0.03215        20       640    0.8943    0.9188    0.9338    0.7564   0.04372  0.004075   0.01677
   145/599     11.2G   0.02102  0.002252  0.006762   0.03003        54       640    0.9139    0.8839    0.9309    0.7527    0.0439  0.004022   0.01584
   146/599     11.2G   0.02255  0.002241  0.006703    0.0315        19       640    0.8313     0.905    0.9292    0.7536   0.04314  0.004232   0.01743
   147/599     11.2G   0.02294  0.002309  0.007591   0.03284        36       640    0.9143    0.9028    0.9428    0.7733   0.04445     0.004    0.0167
   148/599     11.2G   0.02146  0.002406  0.006879   0.03075        37       640    0.9218    0.8526    0.9356    0.7757   0.04356  0.004065     0.015
   149/599     11.2G    0.0235  0.002329  0.007357   0.03318        20       640    0.8538    0.9208    0.9191    0.7645    0.0425  0.004184   0.01643
   150/599     11.2G   0.02109  0.002266  0.006977   0.03034        32       640    0.8583    0.8923    0.9216    0.7547   0.04304   0.00415   0.01692
   151/599     11.2G   0.02215  0.002332  0.007247   0.03172        35       640    0.8535    0.9131    0.9152    0.7645    0.0429  0.004232    0.0166
   152/599     11.2G   0.02221   0.00225  0.007512   0.03197        36       640    0.8749    0.8623    0.9324    0.7714   0.04393  0.003868   0.01701
   153/599     11.2G   0.02578  0.002296  0.007256   0.03533        28       640    0.8391    0.8985    0.9247    0.7623   0.04329  0.004007   0.01577
   154/599     11.2G   0.02187  0.002242  0.007288    0.0314        28       640    0.9021    0.8516    0.9325    0.7703    0.0428  0.004266   0.01587
   155/599     11.2G   0.02458  0.002251  0.007062   0.03389        43       640    0.8648    0.9052    0.9314    0.7507   0.04441  0.004057   0.01714
   156/599     11.2G   0.02259  0.002268  0.007943    0.0328        27       640     0.845    0.9119    0.9351    0.7571   0.04488  0.004125   0.01663
   157/599     11.2G   0.02252  0.002374  0.006578   0.03147        34       640    0.8674    0.9141    0.9273    0.7675   0.04382  0.004175   0.01577
   158/599     11.2G   0.01981  0.002294  0.006649   0.02875        32       640    0.9013    0.8876    0.9393       0.8    0.0443  0.003921    0.0156
   159/599     11.2G   0.02143  0.002376  0.007336   0.03115        27       640    0.9006    0.8889    0.9412    0.7879    0.0445   0.00412   0.01571
   160/599     11.2G   0.02431   0.00239  0.008625   0.03532        46       640    0.8664    0.8989     0.931     0.767   0.04409  0.004293   0.01705
   161/599     11.2G   0.02261  0.002351   0.00645   0.03141        33       640    0.8248    0.9165    0.9164    0.7555   0.04475  0.004392   0.01833
   162/599     11.2G   0.01991  0.002316  0.006436   0.02866        33       640    0.8384    0.8968    0.9384    0.7794   0.04679  0.004062   0.01825
   163/599     11.2G   0.02487  0.002379  0.009479   0.03672        22       640     0.831    0.8584    0.9022    0.7316   0.04029  0.003901   0.01683
   164/599     11.2G   0.02036  0.002389  0.007719   0.03046        13       640    0.8698     0.896    0.9164    0.7567   0.03857  0.004295   0.01442
   165/599     11.2G   0.02139  0.002324  0.007456   0.03117        34       640    0.8418    0.8892    0.9119    0.7355   0.03763  0.004219   0.01472
   166/599     11.2G   0.02328  0.002293  0.008375   0.03395        32       640    0.9051    0.8505    0.9282    0.7782   0.03869  0.004153   0.01476
   167/599     11.2G   0.02462  0.002329  0.008535   0.03548        25       640    0.8465    0.8701    0.9114    0.7525   0.04088   0.00402   0.01675
   168/599     11.2G   0.02506  0.002237  0.006981   0.03428        37       640    0.8658    0.8992    0.9265    0.7618   0.04227  0.004102   0.01786
   169/599     11.2G   0.02279  0.002316  0.006778   0.03188        25       640    0.8826    0.9092    0.9409     0.764   0.04167  0.004371   0.01718
   170/599     11.2G    0.0237  0.002164  0.007438    0.0333        26       640    0.8997    0.8623    0.9326    0.7646   0.04025  0.004135   0.01508
   171/599     11.2G   0.02157   0.00238  0.007315   0.03126        21       640    0.8991    0.8004    0.9001    0.7583   0.04008  0.004395   0.01574
   172/599     11.2G   0.02427  0.002233   0.00817   0.03468        30       640    0.8869    0.8862    0.9241    0.7794   0.04068  0.004328   0.01655
   173/599     11.2G   0.02116  0.002287  0.006241   0.02969        40       640     0.819    0.8638     0.916    0.7727   0.04111  0.004212    0.0168
   174/599     11.2G   0.01993   0.00229  0.006055   0.02827        28       640    0.8645    0.8816    0.9286    0.7673    0.0405  0.004199   0.01563
   175/599     11.2G   0.02092   0.00224  0.005809   0.02897        35       640    0.8653    0.9297    0.9283    0.7776   0.03963  0.004272    0.0149
   176/599     11.2G   0.02077  0.002328  0.006228   0.02933        38       640    0.8617    0.9076    0.9277    0.7692   0.04164  0.004298   0.01434
   177/599     11.2G   0.02252   0.00224  0.007094   0.03185        26       640    0.8902    0.9017    0.9346    0.7747   0.04014  0.004406   0.01515
   178/599     11.2G   0.02319  0.002467  0.007003   0.03266        28       640    0.8578    0.8631    0.9306     0.763    0.0398  0.004191   0.01658
   179/599     11.2G   0.02039  0.002236  0.007521   0.03015        39       640    0.8558    0.9199    0.9355    0.7745   0.04252  0.004257   0.01849
   180/599     11.2G   0.02058  0.002326   0.00684   0.02974        39       640    0.8129    0.9359    0.9409    0.7701   0.04195  0.004064   0.01664
   181/599     11.2G   0.02086  0.002262  0.006243   0.02936        32       640     0.875    0.9028    0.9309    0.7641   0.04144  0.004228   0.01552
   182/599     11.2G   0.02112  0.002284  0.007321   0.03072        37       640    0.8446    0.9081    0.9394    0.7684    0.0405  0.004394    0.0156
   183/599     11.2G   0.02418  0.002301  0.007377   0.03386        35       640     0.893    0.8847    0.9506    0.7758   0.04085  0.004242   0.01545
   184/599     11.2G   0.02523  0.002284  0.008168   0.03568        50       640    0.8786    0.8867    0.9317     0.764   0.04168   0.00414    0.0166
   185/599     11.2G   0.02428    0.0023   0.00797   0.03455        31       640    0.8657    0.9084    0.9461    0.7751   0.04116  0.004046   0.01566
   186/599     11.2G   0.02214  0.002211   0.00796   0.03232        32       640    0.8528    0.9031    0.9367    0.7791   0.04139  0.004285    0.0153
   187/599     11.2G   0.02369  0.002223   0.00693   0.03285        41       640    0.8669    0.9111    0.9444    0.7934   0.04361  0.004211   0.01638
   188/599     11.2G   0.02235  0.002199  0.006831   0.03138        29       640    0.8694    0.8985    0.9381    0.7867   0.04292  0.004295   0.01686
   189/599     11.2G   0.02252  0.002376  0.007426   0.03232        25       640    0.8629    0.9013    0.9352    0.7762   0.04385  0.004233   0.01784
   190/599     11.2G   0.02403  0.002222  0.006863   0.03311        35       640    0.9006    0.8669    0.9351    0.7807   0.04464   0.00392   0.01629
   191/599     11.2G   0.02236   0.00222  0.007335   0.03191        33       640    0.8246    0.9265    0.9295    0.7834    0.0444  0.003992   0.01536
   192/599     11.2G   0.02293  0.002283  0.008489    0.0337        36       640    0.8371    0.9434    0.9294    0.7688   0.04286  0.004149   0.01502
   193/599     11.2G   0.02339  0.002464  0.007867   0.03372        36       640    0.9276    0.8647    0.9436    0.7845   0.04151  0.004389   0.01501
   194/599     11.2G   0.02177  0.002395  0.007141   0.03131        29       640    0.8992     0.878    0.9287    0.7755    0.0409   0.00444   0.01468
   195/599     11.2G   0.01951   0.00231  0.006328   0.02815        31       640    0.9178    0.8871    0.9451    0.7838   0.04096  0.004024   0.01421
   196/599     11.2G   0.01929   0.00234  0.006713   0.02834        34       640    0.9088      0.87    0.9357    0.7755   0.04181  0.004226   0.01361
   197/599     11.2G     0.022  0.002282  0.006461   0.03074        32       640    0.9418    0.8702     0.951    0.7972    0.0409  0.004207   0.01406
   198/599     11.2G   0.01879  0.002273   0.00643   0.02749        28       640    0.9277    0.8817    0.9443     0.785   0.04093  0.004131    0.0147
   199/599     11.2G   0.02117  0.002233  0.006131   0.02953        33       640    0.9469    0.8374     0.939    0.7844   0.04209  0.004011   0.01325
   200/599     11.2G   0.02113   0.00221  0.006531   0.02987        37       640    0.9082    0.8786    0.9243    0.7585   0.04341  0.004185   0.01409
   201/599     11.2G   0.02214  0.002244  0.005866   0.03025        28       640    0.9073    0.9155     0.938    0.7755    0.0434  0.004204   0.01504
   202/599     11.2G   0.02443  0.002264  0.006073   0.03277        36       640    0.8805    0.9097    0.9404    0.7925   0.04264  0.004004   0.01505
   203/599     11.2G   0.02604  0.002389  0.007605   0.03604        36       640    0.9024    0.8867    0.9363    0.7779   0.04216  0.004206   0.01537
   204/599     11.2G   0.02379  0.002244   0.00673   0.03277        26       640     0.899    0.8968    0.9279    0.7767   0.04112  0.004177   0.01568
   205/599     11.2G   0.02143  0.002209   0.00541   0.02905        44       640    0.8883     0.906    0.9302    0.7789   0.04156   0.00405   0.01621
   206/599     11.2G   0.02053  0.002223  0.005871   0.02862        31       640    0.8897    0.9158    0.9402    0.7859   0.04187   0.00401   0.01578
   207/599     11.2G   0.02067    0.0022  0.006385   0.02926        38       640    0.9055    0.8959    0.9335    0.7763   0.04123  0.004228   0.01587
   208/599     11.2G   0.01961  0.002133  0.005409   0.02716        28       640    0.9035    0.8944    0.9275    0.7848    0.0415  0.004212    0.0152
   209/599     11.2G    0.0226  0.002245  0.005901   0.03075        40       640    0.9111    0.8834    0.9352    0.7742   0.04174  0.004136   0.01452
   210/599     11.2G   0.02198  0.002251  0.006732   0.03096        47       640    0.9011    0.8563     0.924    0.7698   0.04149   0.00405   0.01371
   211/599     11.2G   0.02027  0.002232  0.005689   0.02819        17       640    0.8597    0.8913    0.9365    0.7794   0.04163  0.004106    0.0137
   212/599     11.2G   0.01908  0.002221  0.005193   0.02649        32       640    0.8851    0.8904    0.9381    0.7856   0.04207  0.004108   0.01518
   213/599     11.2G   0.02193  0.002339  0.006465   0.03073        34       640    0.8923    0.9097    0.9485    0.7944   0.04116  0.003834   0.01522
   214/599     11.2G   0.02546  0.002179  0.006877   0.03452        32       640    0.8711     0.895     0.927     0.783   0.04287  0.003928   0.01655
   215/599     11.2G   0.02584  0.002245  0.007857   0.03595        45       640    0.9132    0.8873    0.9345    0.7816   0.04337  0.004175    0.0172
   216/599     11.2G   0.02119  0.002307  0.006146   0.02964        40       640    0.8866    0.8976    0.9451     0.801   0.04292  0.004097   0.01574
   217/599     11.2G   0.02116  0.002098  0.006528   0.02979        26       640    0.8764     0.914    0.9433     0.789   0.04278  0.004166   0.01506
   218/599     11.2G   0.01971  0.002048  0.005532   0.02728        44       640    0.8794    0.9179     0.933    0.7867   0.04244    0.0043   0.01491
   219/599     11.2G   0.02197   0.00224  0.006577   0.03078        25       640    0.8738    0.9136    0.9241    0.7807   0.04202  0.003976   0.01497
   220/599     11.2G   0.02012  0.002265  0.005689   0.02807        32       640    0.9279    0.8925    0.9368    0.7794    0.0421  0.004193   0.01501
   221/599     11.2G   0.02485  0.002163  0.007276   0.03429        33       640    0.9231    0.9073     0.943    0.7911   0.04281  0.004378   0.01698
   222/599     11.2G   0.02293  0.002214  0.007238   0.03238        29       640    0.8759     0.907    0.9334    0.7781   0.04323  0.004182   0.01684
   223/599     11.2G   0.02016  0.002122  0.006186   0.02847        38       640    0.8943    0.8902    0.9342     0.793   0.04232  0.004268    0.0164
   224/599     11.2G   0.02176  0.002181   0.00676    0.0307        19       640     0.866    0.8979    0.9363    0.7906   0.04194  0.004018   0.01482
   225/599     11.2G   0.02109  0.002166  0.005946   0.02921        38       640    0.8637    0.8859    0.9317    0.7899   0.04149  0.004127     0.014
   226/599     11.2G   0.02222  0.002205  0.006838   0.03126        39       640    0.8786    0.8736    0.9338    0.7853   0.04085  0.004244   0.01455
   227/599     11.2G   0.01952  0.002131  0.005725   0.02737        33       640    0.8759    0.8782    0.9338    0.7854   0.04083  0.004197   0.01424
   228/599     11.2G   0.02337   0.00233  0.006669   0.03237        30       640    0.8616    0.9082    0.9346    0.7779   0.04036  0.004253   0.01416
   229/599     11.2G   0.02158  0.002182  0.005946   0.02971        38       640    0.8794    0.8772    0.9344    0.7791   0.04163  0.004228   0.01496
   230/599     11.2G   0.02247  0.002261  0.006987   0.03172        29       640    0.8799    0.8751    0.9262    0.7865    0.0407  0.004308   0.01406
   231/599     11.2G   0.02715   0.00227  0.008181    0.0376        25       640    0.8571    0.8579    0.9137    0.7628   0.04114  0.004318   0.01428
   232/599     11.2G   0.02116  0.002103  0.005952   0.02922        27       640    0.8841    0.8618    0.9229    0.7935    0.0411  0.004282   0.01424
   233/599     11.2G   0.02326  0.002313  0.006793   0.03237        39       640    0.8822    0.8917    0.9398    0.7917   0.04188  0.004197    0.0146
   234/599     11.2G   0.01892  0.002155  0.005779   0.02685        30       640    0.8531    0.9156    0.9388    0.7822   0.04201  0.004345   0.01467
   235/599     11.2G   0.02251  0.002255  0.005681   0.03044        46       640    0.8373    0.9235    0.9393    0.7837   0.04203  0.004371   0.01487
   236/599     11.2G   0.02258  0.002226  0.006781   0.03159        40       640    0.8549    0.8877    0.9271    0.7793   0.04249  0.004245   0.01528
   237/599     11.2G   0.02019  0.002152  0.005621   0.02796        32       640    0.8487    0.8889    0.9259     0.786    0.0429  0.004277   0.01504
   238/599     11.2G    0.0215  0.002196  0.006537   0.03023        28       640    0.8626     0.907    0.9331    0.7882   0.04246  0.004303    0.0148
   239/599     11.2G   0.02003  0.002174  0.006413   0.02862        30       640    0.8858    0.8886     0.949     0.797   0.04353  0.004188   0.01504
   240/599     11.2G   0.02163  0.002163  0.006101   0.02989        44       640    0.9015    0.8756    0.9365    0.7959   0.04364  0.004136    0.0151
   241/599     11.2G   0.02009  0.002277  0.006363   0.02873        50       640    0.8585    0.8954    0.9405    0.7905   0.04399  0.003951   0.01483
   242/599     11.2G   0.02127  0.002323  0.008102   0.03169        21       640    0.8791    0.9024    0.9435    0.7869    0.0436   0.00408   0.01497
   243/599     11.2G   0.02083  0.002238  0.006941   0.03001        36       640    0.8878    0.8843    0.9458    0.7899   0.04392   0.00414   0.01586
   244/599     11.2G   0.01995  0.002271  0.006648   0.02887        44       640     0.924    0.8814    0.9511    0.7956   0.04498  0.004109   0.01594
   245/599     11.2G   0.02469  0.002301  0.006197   0.03319        47       640    0.8862    0.9115    0.9429    0.7905    0.0423  0.003943   0.01543
   246/599     11.2G   0.02425  0.002226  0.005737   0.03221        23       640     0.891    0.9037    0.9318    0.7777    0.0385   0.00417    0.0149
   247/599     11.2G   0.02345  0.002192  0.006167   0.03181        31       640    0.8985    0.8819    0.9375    0.7834   0.03914  0.004256   0.01523
   248/599     11.2G   0.02046  0.002281  0.006438   0.02918        29       640    0.8961     0.881    0.9482    0.7803    0.0386  0.004388   0.01432
   249/599     11.2G   0.02156   0.00246  0.006715   0.03074        25       640    0.8852    0.9129    0.9415    0.7872   0.03625  0.004576   0.01428
   250/599     11.2G   0.02048  0.002501  0.005709   0.02869        38       640    0.8843    0.9428    0.9596    0.8054   0.03646  0.004196   0.01324
   251/599     11.2G   0.02026  0.002189  0.006171   0.02862        24       640    0.9152    0.9002     0.956     0.804   0.03793  0.004282   0.01293
   252/599     11.2G     0.022  0.002239  0.006779   0.03102        42       640    0.8801    0.9517    0.9583    0.7918    0.0391  0.004361   0.01442
   253/599     11.2G   0.02432  0.002313  0.005947   0.03258        41       640    0.8957     0.911    0.9533     0.805   0.03956  0.004421   0.01664
   254/599     11.2G   0.02153  0.002121  0.005852    0.0295        31       640     0.916    0.8956    0.9469    0.8039   0.04144  0.004132   0.01722
   255/599     11.2G   0.02199  0.002227  0.006765   0.03098        40       640    0.9076    0.9202    0.9335    0.7973   0.04238  0.004387   0.01825
   256/599     11.2G   0.02159  0.002268  0.005571   0.02943        34       640    0.9448    0.8779    0.9431    0.7822   0.04352  0.004324   0.01873
   257/599     11.2G   0.01909  0.002128   0.00642   0.02763        43       640    0.8799    0.9142    0.9335    0.7901   0.04279  0.004349   0.01813
   258/599     11.2G   0.01884  0.002047   0.00569   0.02658        25       640    0.8902    0.9119    0.9357    0.7923   0.04248  0.004316     0.017
   259/599     11.2G   0.02247  0.002215  0.005739   0.03042        29       640    0.8941    0.8961    0.9427    0.7868   0.04285   0.00421   0.01641
   260/599     11.2G   0.02243  0.002154  0.006228   0.03081        44       640    0.9054    0.8638    0.9217    0.7788   0.04249  0.004253   0.01815
   261/599     11.2G   0.02114  0.002094  0.005529   0.02876        36       640    0.8695    0.9054    0.9314     0.785   0.04197  0.004174   0.01513
   262/599     11.2G   0.02019  0.002175   0.00601   0.02837        43       640     0.895    0.8965    0.9452    0.7949   0.04154  0.004206   0.01348
   263/599     11.2G   0.02118  0.002177  0.006125   0.02949        30       640     0.927    0.9044    0.9445    0.7877   0.04114  0.004309   0.01324
   264/599     11.2G   0.02027  0.002172  0.006058    0.0285        25       640    0.9227    0.9101    0.9493    0.8009   0.04123  0.004297   0.01397
   265/599     11.2G    0.0195  0.002172  0.005977   0.02765        27       640    0.9015    0.9233    0.9382    0.7836   0.04171  0.004249   0.01509
   266/599     11.2G   0.01955  0.002112  0.005938    0.0276        36       640     0.935    0.8948    0.9359    0.7886   0.04118  0.004242   0.01555
   267/599     11.2G   0.01961  0.002097  0.005916   0.02763        24       640    0.9269    0.8777    0.9317    0.7835   0.03997  0.004284   0.01526
   268/599     11.2G   0.02114  0.002158  0.005598   0.02889        24       640    0.8951    0.9109    0.9337     0.791   0.03955  0.004342   0.01566
   269/599     11.2G   0.02294  0.002213   0.00642   0.03157        36       640    0.9105    0.8743    0.9426    0.7964    0.0386  0.004142   0.01446
   270/599     11.2G   0.02128  0.002189  0.006122   0.02959        32       640    0.8954    0.8766    0.9344    0.7911   0.03838  0.004163   0.01373
   271/599     11.2G   0.02057  0.002175  0.006186   0.02893        40       640    0.8977    0.8757    0.9311    0.7971   0.03842  0.004225   0.01338
   272/599     11.2G   0.02214  0.002167  0.006464   0.03077        46       640    0.9338    0.8568    0.9381    0.7972   0.03836  0.004233   0.01331
   273/599     11.2G   0.02111  0.002086  0.006003    0.0292        35       640    0.8892    0.9066    0.9284    0.7733   0.03846  0.004349   0.01385
   274/599     11.2G    0.0205  0.002192  0.005455   0.02815        23       640    0.9116    0.8826    0.9427    0.7853   0.03969  0.004351   0.01368
   275/599     11.2G   0.01832    0.0022  0.005692   0.02621        36       640    0.9079     0.893    0.9477    0.7945   0.04047  0.004288   0.01389
   276/599     11.2G     0.019  0.002168  0.005108   0.02627        49       640    0.9199    0.8803    0.9511    0.8013   0.04087  0.004297   0.01448
   277/599     11.2G   0.01826  0.002072  0.005422   0.02575        39       640    0.9087    0.9111    0.9546    0.8002   0.04087  0.004257   0.01443
   278/599     11.2G   0.01876  0.002078  0.005502   0.02634        34       640    0.8921    0.9157     0.943    0.7911   0.03984  0.004419    0.0147
   279/599     11.2G   0.02209  0.002073  0.006833     0.031        32       640    0.8834    0.8694    0.9431    0.7932   0.03919  0.004289   0.01447
   280/599     11.2G   0.01524  0.002069  0.004878   0.02219        40       640    0.9129    0.8766     0.943    0.7955   0.03944  0.004385   0.01481
   281/599     11.2G   0.02215  0.002183  0.006826   0.03116        17       640    0.9051    0.8952    0.9386    0.7876   0.04026  0.004426   0.01456
   282/599     11.2G   0.02268  0.002126  0.005292   0.03009        27       640    0.9106    0.9016    0.9425    0.7968    0.0406  0.004395   0.01434
   283/599     11.2G   0.02002  0.002136  0.005533   0.02769        34       640    0.9163    0.9052    0.9477    0.8113    0.0409  0.004368   0.01494
   284/599     11.2G   0.02126  0.002149  0.005365   0.02877        29       640    0.9163    0.9272    0.9524    0.8123   0.04041  0.004434   0.01448
   285/599     11.2G   0.01783  0.002201  0.005471    0.0255        29       640    0.9097    0.9218    0.9555    0.8028   0.03962  0.004328    0.0141
   286/599     11.2G   0.01978  0.002048  0.004924   0.02676        20       640    0.8905     0.963    0.9595    0.8076   0.03935  0.004268   0.01387
   287/599     11.2G   0.02018  0.002073  0.006306   0.02856        37       640    0.9258    0.9166    0.9436     0.807   0.03927  0.004223   0.01419
   288/599     11.2G   0.01843  0.002135  0.006068   0.02663        38       640    0.8558    0.9257    0.9483    0.8051    0.0397  0.004159   0.01426
   289/599     11.2G   0.01824  0.002189  0.005279   0.02571        51       640    0.9058    0.8917    0.9399    0.7937    0.0402  0.004051   0.01353
   290/599     11.2G   0.01982   0.00214  0.006025   0.02798        33       640    0.8795    0.9186    0.9375    0.8015   0.04028  0.003919   0.01308
   291/599     12.5G   0.01943  0.002069  0.005599    0.0271        36       640    0.8869    0.9198    0.9394    0.7961    0.0404   0.00394   0.01323
   292/599     12.5G   0.02448  0.002086   0.00618   0.03275        38       640    0.8914    0.9241    0.9426    0.8077   0.04063  0.004103    0.0136
   293/599     12.5G   0.01798  0.002115  0.005121   0.02521        18       640    0.8813    0.9235    0.9315    0.7876   0.04167  0.004218   0.01468
   294/599     12.5G   0.02208  0.002147  0.005855   0.03009        23       640    0.9115    0.8898    0.9318    0.7898   0.04215  0.004192    0.0149
   295/599     12.5G    0.0192  0.002158  0.005232   0.02659        36       640    0.8726    0.9174    0.9305    0.7741   0.04141  0.004372   0.01458
   296/599     12.5G   0.02056  0.002071  0.005936   0.02857        24       640    0.8792    0.9108    0.9443    0.7997   0.04082  0.004337   0.01429
   297/599     12.5G   0.02175  0.002111   0.00615   0.03002        18       640    0.8575    0.9225    0.9344     0.792   0.04063  0.004339    0.0146
   298/599     12.5G   0.01937  0.002057  0.005644   0.02707        25       640     0.886    0.9251    0.9495    0.8029   0.04077  0.004395    0.0147
   299/599     12.5G   0.01984  0.002104  0.005547   0.02749        33       640    0.8902    0.9215    0.9406    0.7918   0.04016  0.004322   0.01427
   300/599     12.5G   0.01898  0.002102  0.005179   0.02626        27       640     0.883    0.9133    0.9408     0.786   0.04005  0.004293   0.01341
   301/599     12.5G   0.01966  0.002049  0.005577   0.02729        39       640     0.898     0.915    0.9497     0.804   0.04107  0.004255   0.01348
   302/599     12.5G    0.0197  0.002053  0.005819   0.02757        42       640     0.914    0.8845    0.9491    0.7943   0.04182  0.004323   0.01434
   303/599     12.5G   0.01947  0.002087  0.004802   0.02636        24       640    0.8917    0.9248    0.9463    0.8008   0.04162   0.00452    0.0152
   304/599     12.5G   0.01828  0.002088  0.004941   0.02531        48       640    0.8944     0.911    0.9463    0.7882   0.04097  0.004312   0.01406
   305/599     12.5G    0.0205  0.002129  0.005402   0.02803        27       640    0.9145    0.8948    0.9539     0.795   0.03998  0.004138   0.01337
   306/599     12.5G   0.02216  0.002088  0.006312   0.03056        30       640    0.9165     0.875    0.9453    0.7967   0.03967  0.004232   0.01326
   307/599     12.5G   0.01918  0.002104  0.005171   0.02646        14       640    0.9079    0.8915    0.9434    0.7957   0.03977  0.004249    0.0132
   308/599     12.5G   0.01856  0.002195  0.004832   0.02559        28       640    0.9101    0.8928    0.9404    0.7923   0.03941  0.004358   0.01315
   309/599     12.5G   0.02165  0.002106  0.006417   0.03018        32       640    0.9122    0.8935    0.9392    0.7942   0.03954  0.004347   0.01364
   310/599     12.5G   0.02167  0.002029  0.005797   0.02949        34       640    0.8957    0.9229    0.9351    0.7838   0.03968   0.00428    0.0138
   311/599     12.5G   0.02131  0.002099  0.005014   0.02842        29       640     0.882    0.9243    0.9323    0.7857   0.03982  0.004289   0.01388
   312/599     12.5G   0.01901  0.002065  0.004796   0.02587        26       640    0.8573    0.9253     0.927    0.7832      0.04  0.004221   0.01445
   313/599     12.5G   0.01891  0.002059   0.00538   0.02635        21       640    0.9053     0.883    0.9367    0.7871   0.03991  0.004167   0.01409
   314/599     12.5G   0.01811  0.002014  0.005532   0.02565        28       640    0.9071    0.8844    0.9421     0.806   0.03958  0.004221   0.01342
   315/599     12.5G   0.01931  0.002085  0.005506    0.0269        36       640    0.8577     0.907    0.9395    0.7955   0.03992  0.004208   0.01358
   316/599     12.5G   0.01952  0.002084  0.005944   0.02754        42       640    0.9053    0.8935    0.9432    0.7939   0.03998  0.004302   0.01344
   317/599     12.5G   0.01869  0.002117   0.00479   0.02559        22       640    0.8993    0.8867    0.9291     0.775   0.04026  0.004283   0.01384
   318/599     12.5G   0.02077  0.002045  0.004928   0.02775        40       640    0.8718    0.9083    0.9375    0.7851   0.04071  0.004379   0.01417
   319/599     12.5G   0.01846  0.002042  0.005521   0.02602        27       640    0.8806    0.9064     0.935    0.7944    0.0406  0.004368   0.01426
   320/599     12.5G   0.01822  0.002058  0.004621    0.0249        25       640    0.9164    0.8678    0.9343    0.7904   0.04015  0.004289   0.01408
   321/599     12.5G   0.01882  0.002035  0.005666   0.02652        24       640    0.8897    0.9021    0.9398    0.7943   0.03961   0.00423   0.01407
   322/599     12.5G   0.01886  0.002005  0.005367   0.02623        29       640    0.9093    0.8972    0.9431    0.7885   0.03959  0.004298   0.01425
   323/599     12.5G   0.01759  0.002007  0.004866   0.02447        45       640    0.8905    0.9132    0.9565    0.8061   0.03974  0.004318   0.01469
   324/599     12.5G   0.02048  0.002125  0.006924   0.02953        39       640    0.9025    0.9126    0.9474    0.7963   0.03966  0.004419    0.0143
   325/599     12.5G   0.02007  0.002095  0.006058   0.02822        24       640    0.8878    0.9186    0.9479    0.7932   0.03942  0.004286   0.01373
   326/599     12.5G   0.02051  0.002096  0.006577   0.02918        32       640    0.9087    0.9088    0.9551    0.8036   0.03931  0.004291   0.01374
   327/599     12.5G   0.01992  0.001993  0.005718   0.02763        26       640    0.8838    0.9282    0.9605    0.7955   0.03934  0.004196   0.01417
   328/599     12.5G   0.02095  0.002063  0.005594   0.02861        21       640    0.8759    0.9339    0.9526    0.8033    0.0392  0.004154   0.01423
   329/599     12.5G   0.01973  0.002056  0.005379   0.02716        32       640    0.9157    0.8943    0.9565    0.7973   0.03882  0.004204   0.01394
   330/599     12.5G   0.02058   0.00219  0.005801   0.02857        27       640     0.933    0.9029    0.9561     0.804   0.03837  0.004284   0.01354
   331/599     12.5G    0.0201  0.002008  0.005586   0.02769        30       640    0.9232    0.9186    0.9582    0.8113   0.03825  0.004377   0.01291
   332/599     12.5G    0.0221  0.002114  0.005574   0.02978        19       640    0.9268    0.9037    0.9573    0.8099   0.03854  0.004373   0.01289
   333/599     12.5G   0.01906  0.002044  0.004926   0.02603        31       640    0.9407    0.8925    0.9555    0.8075   0.04043  0.004343   0.01348
   334/599     12.5G   0.02028  0.002072  0.005387   0.02774        41       640    0.9381    0.9066    0.9407    0.7894   0.04138  0.004351    0.0139
   335/599     12.5G   0.02271  0.002143  0.005977   0.03083        41       640    0.9123     0.909    0.9525     0.799   0.04134  0.004332     0.014
   336/599     12.5G   0.01972  0.002111  0.004508   0.02634        20       640    0.9148     0.896    0.9524    0.7982   0.04128  0.004341   0.01394
   337/599     12.5G   0.02105  0.002018   0.00571   0.02877        29       640     0.874    0.9411    0.9621    0.8111   0.04138  0.004333   0.01402
   338/599     12.5G   0.01887  0.002115  0.004698   0.02569        33       640    0.9206     0.916    0.9613    0.8155   0.04149  0.004345   0.01423
   339/599     12.5G   0.02189    0.0022   0.00603   0.03012        27       640    0.9326    0.8772     0.958    0.8054   0.04147  0.004421   0.01471
   340/599     12.5G    0.0199  0.002147  0.004977   0.02702        29       640    0.9022    0.9234    0.9586    0.8068   0.04127  0.004437   0.01466
   341/599     12.5G   0.01978  0.002038  0.006944   0.02876        36       640    0.9067    0.9159    0.9529    0.8015   0.04096  0.004501   0.01484
   342/599     12.5G   0.01946  0.002118  0.006265   0.02784        38       640    0.9107     0.916    0.9458     0.807   0.04028   0.00449   0.01461
   343/599     12.5G   0.01786  0.001988  0.004688   0.02454        40       640     0.907     0.901    0.9413    0.8032   0.03997  0.004405   0.01455
   344/599     12.5G   0.01786  0.002013  0.004206   0.02408        35       640    0.9067    0.9108    0.9445    0.8058   0.04015  0.004508   0.01519
   345/599     12.5G   0.02119  0.002032  0.005029   0.02825        31       640    0.8992     0.915    0.9521    0.8109   0.03994  0.004529   0.01546
   346/599     12.5G   0.01936  0.001979   0.00429   0.02563        30       640    0.9316    0.9107    0.9574    0.8139   0.03963  0.004514   0.01534
   347/599     12.5G   0.01999  0.001965  0.004565   0.02652        41       640    0.9227    0.9285    0.9611    0.8106   0.03968  0.004433   0.01538
   348/599     12.5G   0.01689  0.002031  0.004466   0.02339        30       640    0.9255    0.9134    0.9588    0.8102   0.03989  0.004318    0.0158
   349/599     12.5G   0.01754  0.002018   0.00543   0.02498        38       640    0.9493    0.8994    0.9623    0.8174   0.03964  0.004324   0.01603
   350/599     12.5G   0.02084  0.002088  0.004927   0.02785        41       640    0.9388    0.9227    0.9594      0.81   0.03946  0.004341   0.01595
   351/599     12.5G   0.01918  0.002021  0.004734   0.02593        36       640    0.9292     0.918    0.9594    0.8062   0.03923  0.004346   0.01555
   352/599     12.5G   0.02173  0.002013  0.004973   0.02871        27       640    0.8924    0.9233    0.9492    0.7949   0.03873  0.004327   0.01496
   353/599     12.5G   0.01874  0.001967  0.004747   0.02545        43       640    0.8978    0.9164     0.949    0.8061   0.03893   0.00435   0.01445
   354/599     12.5G   0.01782  0.001922  0.004846   0.02459        32       640    0.8892    0.9194    0.9465     0.807   0.03911  0.004378   0.01462
   355/599     12.5G   0.01959  0.001993  0.004582   0.02616        44       640    0.9174    0.9114    0.9442    0.8064   0.03913  0.004366   0.01453
   356/599     12.5G   0.01811  0.001917  0.004897   0.02492        29       640    0.9013    0.9089    0.9471    0.8031   0.03904  0.004396   0.01434
   357/599     12.5G   0.02143  0.002021  0.005645    0.0291        31       640    0.8998    0.9118    0.9492    0.8092   0.03923  0.004403    0.0142
   358/599     12.5G   0.02022  0.002003  0.004843   0.02707        41       640    0.8968     0.914    0.9514    0.8137   0.03932  0.004406   0.01416
   359/599     12.5G   0.01854  0.001914  0.004738    0.0252        37       640    0.9267    0.9057    0.9515    0.8216    0.0392  0.004436   0.01412
   360/599     12.5G   0.01669  0.001989  0.005088   0.02377        18       640    0.9303    0.8985    0.9515    0.8133   0.03898  0.004414   0.01423
   361/599     12.5G   0.01854  0.002059  0.004787   0.02538        33       640    0.8976    0.9206    0.9499    0.8097   0.03889  0.004451   0.01438
   362/599     12.5G   0.01954  0.002138  0.005643   0.02732        40       640    0.9199     0.898    0.9548    0.8157   0.03951  0.004405   0.01436
   363/599     12.5G   0.01607  0.002017   0.00414   0.02223        27       640    0.8823    0.8937    0.9499    0.8175   0.03965  0.004362   0.01415
   364/599     12.5G   0.02051  0.002044  0.005163   0.02771        24       640    0.9095    0.8925    0.9514    0.8159   0.03933  0.004337   0.01414
   365/599     12.5G   0.01874  0.002034  0.004711   0.02549        28       640    0.9056    0.8952    0.9525    0.8126    0.0393  0.004325   0.01417
   366/599     13.9G   0.01586  0.001958  0.003648   0.02146        37       640    0.9289    0.8691    0.9526    0.8079   0.03883  0.004378   0.01425
   367/599     13.9G   0.01939  0.002011  0.005515   0.02691        40       640    0.9067    0.8981    0.9443    0.8111   0.03845  0.004359   0.01372
   368/599     13.9G   0.01844  0.002025  0.005506   0.02597        39       640     0.888    0.9096    0.9505    0.8012   0.03819  0.004356   0.01335
   369/599     13.9G   0.01792  0.001949  0.005393   0.02526        35       640    0.8871     0.913     0.948    0.8054     0.038  0.004343   0.01326
   370/599     13.9G   0.01777  0.001928  0.004329   0.02403        27       640    0.9395    0.8666    0.9485    0.8061   0.03815  0.004398    0.0133
   371/599     13.9G   0.01742  0.001981  0.003865   0.02326        32       640    0.9145    0.8921    0.9534    0.8148   0.03834  0.004436    0.0135
   372/599     13.9G   0.01687   0.00193  0.004906    0.0237        23       640     0.885    0.9116    0.9542     0.816   0.03824  0.004485   0.01406
   373/599     13.9G   0.01984  0.001954   0.00542   0.02721        38       640    0.8763    0.9254    0.9504    0.8106   0.03819  0.004458   0.01409
   374/599     13.9G   0.02046  0.001941  0.005553   0.02796        31       640    0.8839    0.9288    0.9505     0.808   0.03821  0.004425   0.01421
   375/599     13.9G   0.01695  0.001966  0.004207   0.02312        27       640    0.8964    0.9177    0.9493    0.8104   0.03817  0.004452   0.01388
   376/599     13.9G   0.01994  0.001932  0.004751   0.02662        42       640    0.8977    0.9298    0.9543    0.8121   0.03823  0.004414   0.01381
   377/599     13.9G   0.01818  0.002055  0.004017   0.02425        27       640    0.8984    0.9214    0.9494     0.807   0.03833  0.004396   0.01397
   378/599     13.9G   0.01987   0.00199  0.005047   0.02691        42       640    0.9109    0.9183    0.9445    0.8014   0.03848  0.004361   0.01454
   379/599     13.9G   0.01625  0.002002  0.004598   0.02285        30       640    0.9016    0.9154    0.9461    0.8075   0.03852  0.004341   0.01475
   380/599     13.9G   0.01927  0.002003  0.004652   0.02592        28       640    0.9297    0.9033    0.9493    0.8078   0.03846  0.004331   0.01478
   381/599     13.9G   0.01885  0.002088  0.005021   0.02596        58       640    0.9213    0.9167    0.9521     0.806   0.03852  0.004365   0.01479
   382/599     13.9G   0.01828  0.001987  0.004956   0.02522        39       640    0.9086    0.9173    0.9491    0.7981   0.03844  0.004391   0.01444
   383/599     13.9G   0.01994  0.001984  0.004726   0.02665        29       640    0.9068    0.9163    0.9487    0.8026   0.03839   0.00439   0.01406
   384/599     13.9G   0.02032  0.001973  0.004941   0.02723        26       640    0.9128    0.9225    0.9498     0.803   0.03836  0.004427   0.01354
   385/599     13.9G   0.02084  0.001995  0.005132   0.02796        34       640    0.9031    0.9152    0.9524    0.8003   0.03848  0.004462   0.01354
   386/599     13.9G   0.01855  0.001994  0.004049    0.0246        32       640    0.8931    0.9249     0.954    0.8061    0.0386  0.004443   0.01362
   387/599     13.9G   0.01887  0.002109  0.005333   0.02631        33       640    0.8919     0.926    0.9558    0.8124   0.03878  0.004402   0.01363
   388/599     13.9G   0.02093  0.001983  0.004872   0.02778        28       640    0.9073    0.9228     0.957    0.8067   0.03887  0.004379   0.01378
   389/599     13.9G   0.01772  0.002026  0.004331   0.02408        35       640    0.9144    0.9191     0.957    0.8087   0.03907  0.004434    0.0144
   390/599     13.9G   0.01945  0.002017  0.005162   0.02663        42       640    0.9259    0.9048    0.9526    0.8099   0.03906   0.00442   0.01487
   391/599     13.9G   0.02002  0.001973  0.004458   0.02646        31       640    0.9304    0.8939    0.9512    0.8075    0.0391  0.004365   0.01497
   392/599     13.9G   0.01791  0.001918  0.004333   0.02416        34       640    0.9194    0.9065    0.9512    0.8056    0.0393   0.00433   0.01486
   393/599     13.9G   0.02052  0.001889  0.004357   0.02676        36       640    0.9071    0.9126    0.9497    0.8052   0.03956  0.004368   0.01475
   394/599     13.9G   0.02114  0.002142  0.005502   0.02878        32       640    0.9103    0.9123    0.9534    0.8129   0.03971  0.004361   0.01429
   395/599     13.9G    0.0189  0.002105  0.005384   0.02639        38       640    0.9186    0.9144     0.957    0.8073   0.03988  0.004367   0.01372
   396/599     13.9G   0.01978  0.001984  0.004777   0.02654        26       640    0.9137    0.9192    0.9553    0.8098   0.03944  0.004353   0.01317
   397/599     13.9G    0.0153  0.001923  0.004353   0.02157        36       640    0.9133    0.9229    0.9502    0.8077   0.03918  0.004363   0.01306
   398/599     13.9G   0.01915  0.002027  0.004735   0.02591        16       640    0.9176    0.9144    0.9519    0.8079   0.03907  0.004337   0.01301
   399/599     13.9G   0.01727  0.001995   0.00462   0.02389        25       640    0.9206    0.9156    0.9534    0.8061   0.03891  0.004333   0.01298
   400/599     13.9G   0.01825  0.001955  0.004393    0.0246        29       640    0.9142    0.9109    0.9529    0.8089   0.03874  0.004353   0.01299
   401/599     13.9G   0.01595  0.002077  0.003429   0.02145        38       640    0.9147    0.9119    0.9518    0.8071   0.03855  0.004395   0.01298
   402/599     13.9G   0.01777   0.00204  0.004431   0.02425        36       640    0.9077    0.9183    0.9549    0.8078   0.03842  0.004409   0.01293
   403/599     13.9G   0.01618  0.001911  0.004206   0.02229        40       640    0.9015     0.924    0.9552    0.8115   0.03847  0.004431   0.01311
   404/599     13.9G   0.02145   0.00188  0.004813   0.02815        36       640     0.902    0.9198    0.9591    0.8181   0.03877  0.004436   0.01332
   405/599     13.9G   0.01984   0.00195  0.004286   0.02608        36       640    0.9395    0.8865    0.9608     0.824   0.03934  0.004408   0.01366
   406/599     13.9G   0.02193  0.001968  0.005535   0.02943        19       640    0.9287    0.8931    0.9591    0.8222   0.04002  0.004397   0.01382
   407/599     13.9G   0.01932  0.002019  0.004455   0.02579        35       640    0.9046    0.9159    0.9594     0.822    0.0403  0.004412   0.01407
   408/599     13.9G   0.01657   0.00195  0.003822   0.02234        35       640    0.9217     0.901    0.9598    0.8139   0.03987  0.004371   0.01409
   409/599     13.9G   0.01888  0.002054   0.00367   0.02461        38       640    0.9344    0.8992    0.9557    0.8141   0.03953  0.004353    0.0139
   410/599     13.9G   0.01711  0.001936  0.003803   0.02284        47       640    0.9554    0.8944    0.9614    0.8163   0.03939  0.004346   0.01387
   411/599     13.9G   0.01626  0.001865   0.00468    0.0228        46       640    0.9403     0.909    0.9574    0.8118   0.03935  0.004361   0.01386
   412/599     13.9G   0.02018  0.001989  0.004625   0.02679        42       640    0.9399    0.9095    0.9583    0.8179   0.03913  0.004375   0.01383
   413/599     13.9G   0.01861  0.001912  0.005094   0.02561        30       640    0.9089    0.9336    0.9543     0.814   0.03884  0.004359   0.01364
   414/599     13.9G   0.02278  0.001977  0.005276   0.03003        34       640    0.9223    0.9169    0.9514     0.812   0.03867  0.004342    0.0133
   415/599     13.9G   0.01827  0.001899  0.004577   0.02475        22       640    0.9151    0.9221    0.9522    0.8138   0.03843  0.004332    0.0129
   416/599     13.9G    0.0199  0.001952  0.004549   0.02641        33       640    0.9214    0.9175    0.9486    0.8099   0.03836  0.004326    0.0127
   417/599     13.9G   0.01826  0.001927  0.004437   0.02463        35       640     0.919    0.9267    0.9503      0.81   0.03832  0.004301   0.01268
   418/599     13.9G   0.01585  0.001844  0.003766   0.02146        39       640    0.9166    0.9214    0.9515    0.8122   0.03835  0.004351   0.01296
   419/599     13.9G   0.01897  0.001938  0.004702   0.02561        31       640    0.9151    0.9267    0.9538     0.812   0.03837   0.00437   0.01323
   420/599     13.9G   0.01813  0.001945  0.004822    0.0249        33       640     0.924    0.9213    0.9542    0.8121   0.03843  0.004407   0.01343
   421/599     13.9G   0.01859   0.00199  0.005662   0.02624        30       640    0.9053    0.9411    0.9513    0.8122    0.0384  0.004417   0.01365
   422/599     13.9G   0.01923  0.001906  0.003849   0.02498        32       640    0.9244    0.9241    0.9504    0.8096   0.03847  0.004459   0.01388
   423/599     13.9G   0.02163  0.001956  0.004526   0.02811        35       640    0.9344    0.9135    0.9507    0.8101   0.03855  0.004436     0.014
   424/599     13.9G   0.01686  0.001854  0.003965   0.02268        27       640    0.9207    0.9203    0.9486    0.8085    0.0386  0.004419   0.01422
   425/599     13.9G   0.01786  0.001873  0.004785   0.02452        31       640    0.9145    0.9188    0.9488    0.8123   0.03867  0.004403   0.01445
   426/599     13.9G   0.01679  0.001865  0.004377   0.02303        32       640    0.9138    0.9282    0.9486     0.813   0.03868  0.004436   0.01456
   427/599     13.9G   0.01745  0.001883   0.00428   0.02362        34       640    0.9142    0.9298    0.9537    0.8226   0.03866  0.004439    0.0145
   428/599     13.9G   0.01788  0.001837  0.004167   0.02389        38       640    0.9121    0.9297    0.9516    0.8149    0.0388  0.004443   0.01437
   429/599     13.9G   0.01493    0.0019  0.003909   0.02074        27       640    0.9107    0.9233    0.9462    0.8076   0.03885  0.004461   0.01423
   430/599     13.9G   0.01697  0.001844  0.004575   0.02339        38       640    0.9045     0.927    0.9466    0.8107   0.03892  0.004442     0.014
   431/599     13.9G   0.01872  0.001857  0.003817   0.02439        39       640    0.9088    0.9161    0.9482     0.808   0.03893  0.004411   0.01369
   432/599     13.9G   0.01619   0.00185   0.00413   0.02217        46       640    0.9024     0.923    0.9441     0.802     0.039  0.004414   0.01372
   433/599     13.9G   0.01678  0.001908  0.003804   0.02249        46       640     0.892    0.9317    0.9479    0.8043    0.0388  0.004429   0.01375
   434/599     13.9G   0.01753  0.001978  0.004641   0.02415        42       640    0.9053     0.918      0.95    0.8038   0.03846  0.004448   0.01363
   435/599     13.9G   0.01775  0.001893  0.003972   0.02362        28       640    0.9081    0.9201    0.9496    0.8086   0.03823  0.004427   0.01348
   436/599     13.9G   0.01953  0.001928  0.004457   0.02592        32       640    0.9104    0.9182    0.9529    0.8127   0.03826  0.004426   0.01354
   437/599     13.9G   0.01643  0.001901  0.003684   0.02202        36       640    0.9099    0.9204    0.9525    0.8117   0.03825  0.004429   0.01358
   438/599     13.9G    0.0193  0.001888  0.003872   0.02506        33       640    0.9101    0.9198    0.9566    0.8162   0.03827  0.004424   0.01374
   439/599     13.9G    0.0194  0.002034  0.004876   0.02631        41       640    0.9041    0.9281    0.9577    0.8166   0.03825  0.004417    0.0138
   440/599     13.9G   0.01747  0.001976   0.00485   0.02429        32       640    0.9074     0.922    0.9575    0.8116   0.03818  0.004435   0.01353
   441/599     13.9G   0.01903  0.001925  0.004437   0.02539        32       640     0.903    0.9149    0.9566    0.8109   0.03813  0.004472   0.01341
   442/599     13.9G   0.02078  0.001934   0.00528   0.02799        27       640    0.9043    0.9066    0.9564    0.8065   0.03814  0.004508   0.01356
   443/599     13.9G   0.01789   0.00193  0.005284    0.0251        43       640    0.9053    0.9077    0.9529    0.8038   0.03816  0.004487   0.01364
   444/599     13.9G   0.02051  0.001965   0.00468   0.02715        34       640    0.8975     0.918    0.9492    0.7998   0.03827  0.004464   0.01365
   445/599     13.9G   0.01827  0.001836  0.004662   0.02477        40       640    0.9059    0.9273    0.9502    0.8043   0.03839  0.004467   0.01356
   446/599     13.9G   0.01702  0.001987  0.003883   0.02289        29       640    0.9149    0.9223     0.949    0.8096   0.03844  0.004491   0.01356
   447/599     13.9G   0.01599  0.001814  0.004018   0.02182        27       640    0.9185    0.9218    0.9497    0.8048    0.0385  0.004484   0.01349
   448/599     13.9G   0.01696  0.001827  0.003768   0.02256        23       640    0.9193    0.9237      0.95    0.8081   0.03845  0.004475   0.01338
   449/599     13.9G    0.0161  0.001877  0.003649   0.02163        41       640    0.9191    0.9192    0.9512    0.8093    0.0384  0.004466   0.01325
   450/599     13.9G   0.01671  0.001968  0.004634   0.02332        47       640    0.9153    0.9215    0.9511    0.8085   0.03833  0.004473   0.01321
   451/599     13.9G   0.01673  0.001947  0.003948   0.02263        41       640    0.9083    0.9248    0.9486    0.8069   0.03824  0.004471   0.01314
   452/599     13.9G   0.01803  0.001872  0.004285   0.02418        36       640     0.917     0.914    0.9478    0.8064   0.03819   0.00449   0.01306
   453/599     13.9G   0.02173  0.001889  0.005618   0.02924        31       640    0.9151    0.9129    0.9473    0.8067   0.03816   0.00446   0.01293
   454/599     13.9G   0.01521  0.001842  0.003748    0.0208        35       640    0.9162    0.9103    0.9478    0.8056   0.03817  0.004448   0.01285
   455/599     13.9G   0.01907  0.001847   0.00445   0.02536        31       640    0.9138    0.9117    0.9465    0.8049   0.03822  0.004447   0.01292
   456/599     13.9G   0.01717  0.001834  0.003961   0.02297        32       640    0.9088    0.9202    0.9448    0.8051   0.03835   0.00445   0.01311
   457/599     13.9G   0.01759  0.001821  0.004391   0.02381        25       640    0.9087    0.9166    0.9455    0.8101   0.03849  0.004427   0.01318
   458/599     13.9G   0.02139  0.001849  0.004475   0.02771        34       640    0.9124    0.9092    0.9491    0.8148   0.03868  0.004431   0.01305
   459/599     13.9G   0.01687  0.001894  0.003793   0.02256        32       640    0.9083    0.9106    0.9475    0.8158   0.03882  0.004455   0.01292
   460/599     13.9G   0.01543  0.001882  0.003916   0.02122        28       640    0.9077    0.9132    0.9471    0.8141   0.03888  0.004478    0.0129
   461/599     13.9G   0.01734  0.001844  0.003978   0.02316        31       640    0.9088     0.913    0.9484    0.8165   0.03889  0.004491   0.01285
   462/599     13.9G   0.01624  0.001901  0.003743   0.02188        28       640    0.9098    0.9165    0.9473    0.8137   0.03899  0.004506   0.01281
   463/599     13.9G   0.02054  0.001946  0.005014    0.0275        40       640    0.9074    0.9185    0.9462    0.8113   0.03912  0.004517   0.01283
   464/599     13.9G   0.01892  0.001781  0.004045   0.02474        29       640    0.9047    0.9229    0.9498    0.8141   0.03925  0.004528   0.01294
   465/599     13.9G   0.01837  0.001897  0.004748   0.02502        25       640    0.9041    0.9264    0.9452    0.8127   0.03934  0.004538   0.01299
   466/599     13.9G   0.01535  0.001903   0.00377   0.02102        31       640      0.91    0.9141    0.9476    0.8158   0.03925  0.004508   0.01283
   467/599     13.9G    0.0168  0.001953  0.003135   0.02189        39       640    0.9051    0.9247    0.9474    0.8118   0.03897   0.00449   0.01263
   468/599     13.9G   0.01602  0.001864   0.00379   0.02168        32       640     0.914    0.9204    0.9509    0.8167   0.03881  0.004489   0.01261
   469/599     13.9G   0.01811   0.00195  0.004068   0.02412        30       640    0.9221    0.9161    0.9525    0.8203   0.03881  0.004502   0.01268
   470/599     13.9G    0.0162  0.001884  0.003955   0.02204        27       640    0.9256    0.9148    0.9517    0.8155   0.03882  0.004502   0.01267
   471/599     13.9G   0.01696  0.001895  0.005692   0.02454        30       640    0.9112    0.9122    0.9511    0.8139   0.03876  0.004494   0.01257
   472/599     13.9G   0.01788  0.001805  0.003869   0.02356        32       640     0.933    0.9031    0.9506    0.8147   0.03867  0.004499   0.01246
   473/599     13.9G   0.01694   0.00188  0.004831   0.02365        43       640    0.9351    0.9076     0.952    0.8138   0.03855  0.004509   0.01245
   474/599     13.9G   0.01786  0.001802  0.004629    0.0243        53       640    0.9323    0.9082    0.9531    0.8095    0.0385  0.004509    0.0125
   475/599     13.9G   0.01869  0.001903  0.004184   0.02478        46       640    0.9335    0.9058    0.9529    0.8086   0.03828  0.004469   0.01239
   476/599     13.9G   0.01587  0.001894  0.004034    0.0218        36       640    0.9341    0.9037    0.9503    0.8054    0.0381  0.004446   0.01228
   477/599     13.9G   0.01965  0.001832  0.003793   0.02527        19       640      0.93    0.9044    0.9497    0.8073   0.03802  0.004464   0.01229
   478/599     13.9G   0.01605  0.001851  0.004044   0.02194        24       640    0.9311    0.9044    0.9484    0.8084   0.03792  0.004494   0.01232
   479/599     13.9G   0.01724  0.001861  0.005377   0.02448        25       640    0.9279     0.904    0.9468    0.8067   0.03776  0.004532   0.01243
   480/599     13.9G    0.0191  0.001869  0.004423   0.02539        22       640    0.9268    0.9054    0.9481    0.8076   0.03761  0.004551   0.01254
   481/599     13.9G   0.01759  0.001845  0.003422   0.02286        46       640    0.9288    0.9066    0.9468    0.8053   0.03751  0.004566   0.01262
   482/599     13.9G   0.01953  0.001825  0.003743    0.0251        37       640    0.9291     0.904    0.9457    0.8057   0.03745  0.004582   0.01274
   483/599     13.9G    0.0185  0.001946  0.003831   0.02428        28       640    0.9273    0.9007    0.9444    0.8046   0.03741  0.004595   0.01287
   484/599     13.9G   0.01606  0.001929  0.004075   0.02207        29       640    0.9318    0.8914    0.9441    0.8043   0.03742  0.004585   0.01306
   485/599     13.9G   0.01828  0.001952  0.004599   0.02483        42       640    0.9151    0.9006    0.9435    0.8065   0.03737   0.00458   0.01325
   486/599     13.9G   0.01787  0.001847  0.003984    0.0237        28       640    0.9157    0.9004     0.939     0.803   0.03736  0.004562   0.01329
   487/599     13.9G   0.01802  0.001849  0.004232    0.0241        35       640    0.9153    0.9012    0.9389    0.7963   0.03742  0.004553   0.01334
   488/599     13.9G    0.0182  0.001845  0.003764   0.02381        19       640    0.9135    0.9018    0.9383    0.7959   0.03744  0.004547   0.01338
   489/599     13.9G   0.01636  0.001778  0.004084   0.02222        26       640    0.9166    0.9003    0.9381    0.7971   0.03748  0.004524   0.01337
   490/599     13.9G   0.01886  0.001818  0.004664   0.02534        19       640    0.9201     0.905    0.9381    0.7955   0.03747  0.004505    0.0133
   491/599     13.9G   0.02051  0.001888  0.004981   0.02738        41       640    0.9161    0.9048    0.9362    0.7942   0.03748  0.004481   0.01323
   492/599     13.9G   0.01634  0.001867   0.00371   0.02192        26       640    0.9132    0.9051    0.9365    0.7952   0.03758  0.004474   0.01322
   493/599     13.9G   0.01616  0.001975  0.003737   0.02187        36       640    0.9105    0.9054    0.9365    0.7958   0.03771  0.004484   0.01326
   494/599     13.9G   0.01565  0.001756   0.00333   0.02073        38       640    0.9065    0.9054     0.938    0.7981   0.03789   0.00447   0.01336
   495/599     13.9G   0.01661  0.001741  0.003561   0.02191        29       640    0.9057    0.9153    0.9403    0.8025   0.03813   0.00447   0.01345
   496/599     13.9G   0.01823  0.001873  0.004525   0.02463        33       640    0.9053    0.9171    0.9401     0.803   0.03831  0.004476    0.0135
   497/599     13.9G   0.01871  0.001812  0.004161   0.02468        37       640    0.9051     0.918    0.9405    0.8031   0.03846  0.004468   0.01347
   498/599     13.9G   0.01795  0.001815  0.004211   0.02398        24       640    0.9039      0.92    0.9406    0.8023   0.03855  0.004467   0.01344
   499/599     13.9G   0.01494  0.001896  0.003104   0.01994        21       640    0.9033    0.9226    0.9406    0.8014   0.03859  0.004474   0.01349
   500/599     13.9G   0.01747  0.001859  0.004254   0.02358        23       640    0.9045    0.9213    0.9408    0.8027   0.03857  0.004464   0.01355
   501/599     13.9G   0.01604  0.001817  0.003886   0.02174        37       640    0.9062    0.9189     0.941    0.8035   0.03854  0.004467   0.01352
   502/599     13.9G   0.01685  0.001914  0.004326   0.02309        30       640    0.9066    0.9175    0.9409    0.8068   0.03851  0.004468   0.01351
   503/599     13.9G   0.01821  0.001802  0.004756   0.02477        38       640    0.8906    0.9348    0.9408    0.8058   0.03849  0.004457   0.01347
   504/599     13.9G   0.01707  0.001855  0.004086   0.02301        37       640    0.9027    0.9183    0.9413    0.8042   0.03847   0.00445   0.01338
   505/599     13.9G   0.01734  0.001863  0.003915   0.02311        24       640    0.9124    0.9088    0.9417    0.8096   0.03845  0.004456   0.01326
   506/599     13.9G   0.01769  0.001806  0.003967   0.02347        34       640    0.9127    0.9071    0.9416    0.8082    0.0384  0.004445    0.0131
   507/599     13.9G   0.02015  0.001898  0.004533   0.02658        22       640    0.9124    0.9058    0.9417      0.81   0.03837  0.004442   0.01295
   508/599     13.9G   0.01539  0.001868  0.003399   0.02066        24       640    0.9149    0.9034    0.9418    0.8075   0.03834  0.004456   0.01281
   509/599     13.9G   0.01556  0.001797   0.00399   0.02135        36       640    0.9018    0.9166    0.9419     0.804   0.03832  0.004462   0.01268
   510/599     13.9G   0.01865  0.001838  0.003862   0.02435        39       640    0.9035    0.9177    0.9427    0.8029   0.03834  0.004488   0.01271
   511/599     13.9G   0.01508  0.001825  0.003507   0.02041        29       640    0.9081     0.915     0.942     0.803   0.03843  0.004507    0.0129
   512/599     13.9G    0.0176  0.001748  0.003435   0.02278        44       640    0.9079    0.9156    0.9429    0.8047   0.03844  0.004511   0.01298
   513/599     13.9G    0.0187  0.001889  0.003966   0.02456        36       640    0.9051    0.9184    0.9427    0.8031   0.03841    0.0045   0.01299
   514/599     13.9G   0.01781  0.001856  0.003832    0.0235        40       640     0.901    0.9199    0.9428    0.8064   0.03839  0.004499   0.01298
   515/599     13.9G   0.01597  0.001809  0.003468   0.02125        38       640    0.8998    0.9197    0.9429     0.808   0.03835  0.004493   0.01292
   516/599     13.9G   0.01474  0.001763  0.003182   0.01969        36       640    0.9008    0.9189    0.9432    0.8071   0.03825  0.004498   0.01293
   517/599     13.9G   0.02029  0.001918  0.004105   0.02632        20       640    0.9033    0.9177    0.9435    0.8101   0.03814  0.004517   0.01299
   518/599     13.9G   0.01712  0.001857  0.004344   0.02332        25       640    0.9051    0.9168    0.9426    0.8069   0.03808  0.004536   0.01304
   519/599     13.9G   0.01629  0.001836  0.003386   0.02152        34       640    0.9064    0.9158    0.9422    0.8029   0.03804  0.004537   0.01299
   520/599     13.9G   0.01666  0.001793  0.003598   0.02205        51       640    0.9066    0.9152    0.9422    0.8062     0.038  0.004533   0.01293
   521/599     13.9G   0.01706  0.001858  0.003579    0.0225        49       640     0.908    0.9136    0.9422    0.8086   0.03798   0.00452   0.01289
   522/599     13.9G   0.01736  0.001814  0.003844   0.02301        19       640    0.9078    0.9148    0.9426    0.8076   0.03795  0.004506   0.01293
   523/599     13.9G   0.01673  0.001905  0.004234   0.02286        27       640    0.9038    0.9216    0.9427     0.809   0.03795  0.004504   0.01304
   524/599     13.9G   0.01503  0.001897  0.003265    0.0202        34       640    0.8966    0.9318    0.9433    0.8102   0.03795  0.004508   0.01317
   525/599     13.9G   0.01584  0.001897  0.003293   0.02103        46       640    0.8974     0.929    0.9436    0.8115   0.03794  0.004512   0.01327
   526/599     13.9G   0.01753  0.001853  0.003679   0.02307        42       640    0.9138    0.9117    0.9436    0.8094   0.03792  0.004504   0.01329
   527/599     13.9G   0.01546  0.001876   0.00349   0.02083        33       640    0.9147    0.9123     0.942    0.8074    0.0379  0.004492   0.01331
   528/599     13.9G   0.01407  0.001803  0.002922   0.01879        41       640     0.915     0.913    0.9424    0.8074   0.03788  0.004485    0.0133
   529/599     13.9G   0.01795  0.001817  0.003449   0.02322        28       640     0.917    0.9129    0.9423    0.8078   0.03787  0.004498   0.01331
   530/599     13.9G   0.01502  0.001824  0.003071   0.01992        38       640    0.9143    0.9191    0.9425     0.812   0.03786  0.004505   0.01333
   531/599     13.9G   0.01384  0.001749  0.003061   0.01865        31       640    0.9168    0.9187     0.942    0.8111   0.03785  0.004495   0.01336
   532/599     13.9G   0.01909  0.001868  0.004293   0.02525        23       640    0.9203    0.9249     0.943    0.8123   0.03785  0.004484   0.01338
   533/599     13.9G   0.01629  0.001747  0.003973   0.02201        29       640     0.916    0.9214    0.9409    0.8107   0.03787  0.004489   0.01334
   534/599     13.9G   0.01866  0.001838  0.004112   0.02461        26       640    0.9206    0.9258     0.943    0.8094   0.03792  0.004495   0.01324
   535/599     13.9G   0.01668  0.001773  0.003533   0.02199        28       640    0.9235    0.9251    0.9433    0.8087   0.03795  0.004492   0.01314
   536/599     13.9G   0.02073  0.001842  0.004918   0.02749        15       640    0.9236    0.9248    0.9436    0.8102   0.03797  0.004485   0.01309
   537/599     13.9G   0.01732  0.001899  0.003902   0.02312        31       640    0.9247    0.9287    0.9421    0.8125   0.03803  0.004491    0.0131
   538/599     13.9G   0.01712   0.00188  0.004142   0.02315        30       640    0.9242    0.9292    0.9423    0.8099   0.03806  0.004485   0.01315
   539/599     13.9G   0.01919  0.001727  0.004159   0.02507        38       640     0.924    0.9289    0.9428    0.8106   0.03812  0.004478   0.01318
   540/599     13.9G   0.01652  0.001697  0.004044   0.02226        41       640    0.9232    0.9297    0.9437     0.811   0.03814  0.004483   0.01319
   541/599     13.9G   0.01574  0.001776  0.003863   0.02138        33       640    0.9179    0.9253    0.9417    0.8057   0.03818  0.004486   0.01318
   542/599     13.9G   0.01637  0.001826  0.003548   0.02175        35       640    0.9189    0.9311    0.9445    0.8098   0.03813   0.00449   0.01316
   543/599     13.9G   0.01842  0.001916  0.004525   0.02486        34       640    0.9142    0.9317    0.9445    0.8113    0.0381  0.004501   0.01314
   544/599     13.9G   0.01681  0.001764  0.003454   0.02203        41       640    0.9133    0.9203    0.9414    0.8092    0.0381  0.004511   0.01314
   545/599     13.9G   0.01466  0.001871  0.003316   0.01984        22       640    0.9164     0.915    0.9412    0.8089   0.03814  0.004516   0.01315
   546/599     13.9G   0.01939  0.001849  0.004659    0.0259        38       640    0.9165     0.915    0.9404    0.8081   0.03822  0.004522   0.01321
   547/599     13.9G   0.01922   0.00182  0.003215   0.02426        43       640    0.9061    0.9336     0.941    0.8043   0.03827   0.00452   0.01327
   548/599     13.9G   0.01936  0.001733  0.004411   0.02551        17       640    0.9082    0.9333    0.9411    0.8085   0.03828  0.004512   0.01328
   549/599     13.9G   0.01843  0.001743  0.003483   0.02365        21       640    0.9057    0.9338     0.941    0.8093   0.03828  0.004515   0.01335
   550/599     13.9G   0.01644  0.001758  0.004201   0.02239        30       640    0.9186    0.9203     0.942      0.81   0.03829  0.004526   0.01344
   551/599     13.9G   0.01691  0.001836  0.003174   0.02192        27       640    0.9179    0.9211    0.9412    0.8075   0.03832  0.004538   0.01346
   552/599     13.9G   0.01731  0.001758  0.003379   0.02244        32       640    0.9176    0.9219     0.941    0.8062   0.03832  0.004547   0.01347
   553/599     13.9G   0.01562   0.00174  0.003291   0.02065        40       640    0.9047    0.9341    0.9407    0.8065   0.03843   0.00455   0.01351
   554/599     13.9G   0.01504  0.001811  0.002982   0.01983        44       640    0.9013    0.9352    0.9407    0.8079   0.03858  0.004539   0.01357
   555/599     13.9G   0.01661  0.001775  0.003434   0.02182        31       640    0.9244    0.9112    0.9412    0.8098   0.03867  0.004524   0.01361
   556/599     13.9G   0.01407  0.001812  0.003946   0.01983        43       640     0.921    0.9071      0.94    0.8091   0.03872  0.004522   0.01362
   557/599     13.9G   0.01619  0.001743  0.003857   0.02179        38       640     0.921    0.9067    0.9398    0.8061   0.03877  0.004523   0.01365
   558/599     13.9G   0.01675  0.001824  0.004169   0.02275        33       640    0.9205    0.9069      0.94    0.8082   0.03882   0.00453   0.01368
   559/599     13.9G   0.01527  0.001798  0.003271   0.02034        31       640    0.9201    0.9071    0.9399    0.8051   0.03888  0.004534    0.0137
   560/599     13.9G   0.01471  0.001791  0.003641   0.02014        25       640    0.9207    0.9074    0.9399    0.8071   0.03891  0.004533   0.01373
   561/599     13.9G   0.01728  0.001834  0.003825   0.02294        29       640    0.9208    0.9077    0.9404    0.8066   0.03895  0.004536   0.01377
   562/599     13.9G   0.01839  0.001781  0.003751   0.02392        29       640    0.9205     0.908    0.9405    0.8079   0.03898  0.004538    0.0138
   563/599     13.9G   0.01751  0.001827  0.003454   0.02279        44       640    0.9201    0.9077    0.9405    0.8079   0.03901  0.004531   0.01385
   564/599     13.9G   0.01558  0.001855  0.003475   0.02091        23       640    0.9193    0.9078    0.9406    0.8088   0.03904   0.00452    0.0139
   565/599     13.9G   0.01698  0.001898  0.005033   0.02391        36       640    0.9181    0.9087    0.9405    0.8063   0.03908  0.004506   0.01393
   566/599     13.9G   0.01571  0.001701  0.003038   0.02045        36       640    0.9181    0.9096    0.9402     0.809    0.0391  0.004499   0.01392
   567/599     13.9G   0.01728  0.001889  0.003993   0.02316        29       640    0.9144    0.9102      0.94    0.8062   0.03911  0.004492   0.01392
   568/599     13.9G   0.01716  0.001758  0.003746   0.02266        24       640    0.9138    0.9102    0.9396    0.8077   0.03915  0.004493    0.0139
   569/599     13.9G   0.01577  0.001867  0.003651   0.02128        30       640    0.9129    0.9103    0.9397    0.8085   0.03919  0.004499   0.01392
   570/599     13.9G   0.01647  0.001833  0.003131   0.02143        31       640    0.9074    0.9168    0.9398    0.8074   0.03921  0.004505   0.01395
   571/599     13.9G   0.01633  0.001746  0.003477   0.02155        43       640    0.9083    0.9167      0.94    0.8055   0.03923  0.004504   0.01394
   572/599     13.9G   0.01803  0.001816  0.003843   0.02369        47       640    0.9088    0.9165      0.94    0.8054   0.03927  0.004498   0.01394
   573/599     13.9G   0.01817  0.001815  0.003707   0.02369        34       640    0.9095    0.9158    0.9406    0.8058   0.03931    0.0045   0.01397
   574/599     13.9G    0.0209   0.00187  0.004286   0.02706        22       640    0.9108    0.9147    0.9402    0.8057   0.03941  0.004504   0.01404
   575/599     13.9G   0.01505  0.001731  0.003505   0.02029        21       640    0.9116    0.9145    0.9402    0.8066   0.03952  0.004506   0.01411
   576/599     13.9G   0.01586  0.001853  0.003371   0.02108        49       640     0.912     0.915    0.9398    0.8065    0.0396  0.004505   0.01418
   577/599     13.9G   0.01655  0.001747  0.003594   0.02189        32       640    0.9124    0.9146    0.9399    0.8083   0.03967  0.004508   0.01423
   578/599     13.9G   0.01787  0.001808  0.004157   0.02383        31       640    0.9053    0.9219    0.9391    0.8064   0.03969  0.004515   0.01425
   579/599     13.9G   0.01587  0.001838   0.00317   0.02088        25       640     0.906    0.9221     0.939    0.8071   0.03966  0.004522   0.01425
   580/599     13.9G   0.02159  0.001809  0.004317   0.02772        28       640    0.9066    0.9222     0.939    0.8072   0.03959  0.004519   0.01422
   581/599     13.9G   0.01672  0.001874  0.003346   0.02194        22       640    0.9066    0.9226    0.9426    0.8098   0.03949  0.004509   0.01415
   582/599     13.9G   0.01574  0.001768  0.002884    0.0204        20       640    0.9067    0.9227    0.9425    0.8095   0.03937  0.004507   0.01411
   583/599     13.9G   0.01758  0.001817  0.003753   0.02315        53       640    0.9066    0.9232    0.9426    0.8076   0.03927  0.004507   0.01406
   584/599     13.9G   0.01736  0.001776  0.004095   0.02324        33       640    0.9066    0.9229    0.9427    0.8093    0.0392  0.004508   0.01399
   585/599     13.9G   0.01777  0.001847  0.003383     0.023        32       640     0.907    0.9222    0.9423    0.8089   0.03916  0.004511   0.01392
   586/599     13.9G   0.02081  0.001876  0.004504   0.02719        34       640    0.9071    0.9217    0.9385    0.8038   0.03913  0.004509   0.01383
   587/599     13.9G   0.01602  0.001822  0.002956    0.0208        25       640    0.9068    0.9217    0.9383    0.8047   0.03912    0.0045   0.01374
   588/599     13.9G   0.01659   0.00187  0.003462   0.02192        32       640    0.9065    0.9222    0.9384    0.8068   0.03911  0.004495   0.01365
   589/599     13.9G    0.0168  0.001782  0.003807   0.02239        20       640    0.9065    0.9225    0.9384    0.8069   0.03907  0.004494   0.01358
   590/599     13.9G   0.01543  0.001846  0.003138   0.02042        26       640    0.9069    0.9227    0.9384    0.8047   0.03906  0.004492   0.01356
   591/599     13.9G   0.01347  0.001745   0.00262   0.01783        21       640    0.9065    0.9233    0.9385     0.804   0.03904  0.004494   0.01356
   592/599     13.9G   0.01706  0.001793  0.003774   0.02263        37       640    0.9074    0.9223    0.9385    0.8027   0.03902  0.004501   0.01358
   593/599     13.9G     0.016  0.001797  0.003576   0.02137        15       640    0.9075     0.922    0.9386    0.8015   0.03899  0.004508   0.01361
   594/599     13.9G   0.01895  0.001839  0.003741   0.02453        30       640    0.9074    0.9219    0.9386    0.7986   0.03894  0.004506   0.01365
   595/599     13.9G   0.01904  0.001719  0.003239   0.02399        51       640    0.9069    0.9229    0.9383     0.799    0.0389  0.004506    0.0137
   596/599     13.9G   0.01563  0.001888  0.003245   0.02076        33       640    0.9066    0.9239    0.9384    0.7997   0.03887   0.00451   0.01373
   597/599     13.9G   0.01586  0.001835  0.003659   0.02135        32       640    0.9065    0.9252    0.9382    0.8018   0.03885  0.004515   0.01376
   598/599     13.9G   0.01764   0.00184  0.003715   0.02319        37       640    0.9055    0.9269    0.9386       0.8   0.03883  0.004514   0.01378
   599/599     13.9G   0.01359  0.001842  0.002759    0.0182        22       640    0.9044    0.9276    0.9387     0.798   0.03878  0.004507   0.01379
